,open,high,low,close,volume,datetime
0,1162.33,1201.95,1132.43,1156.87,33072509,1637560800000
1,1167.51,1180.4999,1062.7,1109.03,36171700,1637647200000
2,1080.39,1132.77,1062.0,1116.0,22560238,1637733600000
3,1099.47,1108.7827,1081.0,1081.92,11680890,1637906400000
4,1100.99,1142.67,1100.19,1136.99,19464467,1638165600000
5,1144.37,1168.0,1118.0,1144.76,27092038,1638252000000
6,1160.695,1172.8399,1090.76,1095.0,22934698,1638338400000
7,1099.06,1113.0,1056.65,1084.6,24371623,1638424800000
8,1084.79,1090.5753,1000.21,1014.97,30773995,1638511200000
9,1001.51,1021.64,950.5,1009.01,27221037,1638770400000
10,1044.2,1057.6739,1026.81,1051.75,18694857,1638856800000
11,1052.71,1072.38,1033.0001,1068.96,13968790,1638943200000
12,1060.64,1062.49,1002.36,1003.8,19812832,1639029600000
13,1008.75,1020.9797,982.53,1017.03,19888122,1639116000000
14,1001.09,1005.0,951.42,966.41,26198502,1639375200000
15,945.0,966.41,930.0,958.51,23602090,1639461600000
16,953.21,978.7499,928.2501,975.99,25056410,1639548000000
17,994.5,994.98,921.85,926.92,27590483,1639634400000
18,914.77,960.6599,909.0401,932.57,33626754,1639720800000
19,910.7,921.6884,893.39,899.94,18826671,1639980000000
20,916.87,939.5,886.12,938.53,23839305,1640066400000
21,965.66,1015.6599,957.05,1008.87,31211362,1640152800000
22,1006.8,1072.9767,997.56,1067.0,30904429,1640239200000
23,1073.67,1117.0,1070.7152,1093.94,23715273,1640584800000
24,1109.49,1118.9999,1078.42,1088.47,20107969,1640671200000
25,1098.64,1104.0,1064.14,1086.19,18718015,1640757600000
26,1061.33,1095.55,1053.15,1070.34,15680313,1640844000000
27,1073.4444,1081.9999,1054.59,1056.78,13577875,1640930400000
28,1147.75,1201.07,1136.04,1199.78,34895349,1641189600000
29,1189.55,1208.0,1123.05,1149.59,33416086,1641276000000
30,1146.65,1170.34,1081.0101,1088.12,26706599,1641362400000
31,1077.0,1088.0,1020.5,1064.7,30112158,1641448800000
32,1080.37,1080.9299,1010.0,1026.96,28054916,1641535200000
33,1000.0,1059.1,980.0,1058.12,30604959,1641794400000
34,1053.67,1075.85,1038.82,1064.4,22021070,1641880800000
35,1078.85,1114.84,1072.5901,1106.22,27913005,1641967200000
36,1109.065,1115.6,1026.5391,1031.56,32403264,1642053600000
37,1019.88,1052.0,1013.3788,1049.61,24308137,1642140000000
38,1026.605,1070.7899,1016.06,1030.51,22329803,1642485600000
39,1041.705,1054.6699,995.0,995.65,25147496,1642572000000
40,1009.73,1041.66,994.0,996.27,23496248,1642658400000
41,996.34,1004.55,940.5,943.9,34472009,1642744800000
42,904.76,933.5131,851.47,930.0,50791714,1643004000000
43,914.2,951.26,903.21,918.4,28865302,1643090400000
44,952.43,987.69,906.0,937.41,34955761,1643176800000
45,933.36,935.39,829.0,829.1,49036523,1643263200000
46,831.56,857.5,792.01,846.35,44929650,1643349600000
47,872.71,937.99,862.05,936.72,34812032,1643608800000
48,935.21,943.7,905.0,931.25,24379446,1643695200000
49,928.18,931.5,889.41,905.66,22264345,1643781600000
50,882.0,937.0,880.52,891.14,26285186,1643868000000
51,897.22,936.5,881.17,923.32,24541822,1643954400000
52,923.79,947.77,902.7089,907.34,20331488,1644213600000
53,905.53,926.2899,894.8,922.0,16909671,1644300000000
54,935.0,946.2699,920.0,932.0,17419848,1644386400000
55,908.37,943.81,896.7,904.55,22042277,1644472800000
56,909.63,915.96,850.7,860.0,26548623,1644559200000
57,861.57,898.8799,853.15,875.76,22585472,1644818400000
58,900.0,923.0,893.3774,922.43,19216514,1644904800000
59,914.05,926.4299,901.21,923.39,17098132,1644991200000
60,913.26,918.4999,874.1,876.35,18392806,1645077600000
61,886.0,886.87,837.61,856.98,22833947,1645164000000
62,834.13,856.7338,801.1001,821.53,27762734,1645509600000
63,830.43,835.2997,760.56,764.04,31752336,1645596000000
64,700.39,802.48,700.0,800.77,45107425,1645682400000
65,809.23,819.5,782.4005,809.87,25355921,1645768800000
66,815.01,876.86,814.7075,870.43,33002289,1646028000000
67,869.68,889.88,853.78,864.37,24922287,1646114400000
68,872.13,886.48,844.2721,879.89,24881146,1646200800000
69,878.77,886.439,832.6001,839.29,20541169,1646287200000
70,849.1,855.65,825.1609,838.29,22393287,1646373600000
71,856.3,866.14,804.57,804.58,24164724,1646632800000
72,795.53,849.99,782.17,824.4,26799702,1646719200000
73,839.48,860.56,832.01,858.97,19727993,1646805600000
74,851.45,854.45,810.3601,838.3,19549548,1646892000000
75,840.197,843.802,793.77,795.35,22345722,1646978400000
76,780.61,800.7,756.04,766.37,23717421,1647234000000
77,775.27,805.57,756.57,801.89,22280381,1647320400000
78,809.0,842.0,802.2601,840.23,28009607,1647406800000
79,830.99,875.0,825.7178,871.6,22194324,1647493200000
80,874.49,907.85,867.39,905.39,33471397,1647579600000
81,914.98,942.85,907.09,921.16,27327216,1647838800000
82,930.0,997.86,921.75,993.98,35289519,1647925200000
83,979.94,1040.7,976.4,999.11,40225383,1648011600000
84,1009.73,1024.49,988.8,1013.92,22973626,1648098000000
85,1008.0,1021.7999,997.3201,1010.64,20677182,1648184400000
86,1065.1,1097.8799,1053.6,1091.84,34168693,1648443600000
87,1107.99,1114.77,1073.11,1099.57,24538273,1648530000000
88,1091.17,1113.95,1084.0,1093.99,19955002,1648616400000
89,1094.57,1103.1399,1076.641,1077.6,16330919,1648702800000
90,1081.15,1094.75,1066.64,1084.59,18087741,1648789200000
91,1089.38,1149.91,1072.53,1145.45,27392567,1649048400000
92,1136.3,1152.87,1087.3,1091.26,26691673,1649134800000
93,1073.47,1079.0,1027.7,1045.76,29782845,1649221200000
94,1052.39,1076.59,1021.5401,1057.26,26482353,1649307600000
95,1043.21,1048.44,1022.435,1025.49,18337896,1649394000000
96,980.4,1008.4681,974.64,975.93,19785735,1649653200000
97,997.64,1021.1921,976.6001,986.95,21992032,1649739600000
98,981.075,1026.24,973.097,1022.37,18373737,1649826000000
99,999.29,1012.7099,982.19,985.0,19474135,1649912400000
100,989.03,1014.92,973.41,1004.29,17238407,1650258000000
101,1005.06,1034.94,995.325,1028.15,16615944,1650344400000
102,1030.0,1034.0,975.2501,977.2,23570442,1650430800000
103,1074.73,1092.22,996.415,1008.78,35138779,1650517200000
104,1014.91,1034.85,994.0001,1005.05,23232186,1650603600000
105,978.97,1008.62,975.3,998.02,22780445,1650862800000
106,995.43,1000.0,875.0,876.42,45377889,1650949200000
107,898.58,918.0,877.36,881.51,25652132,1651035600000
108,899.98,900.0,821.7,877.51,41649509,1651122000000
109,902.25,934.3999,870.0,870.76,29377665,1651208400000
110,860.77,906.3599,848.03,902.94,25260457,1651467600000
111,903.18,924.08,888.59,909.25,21236525,1651554000000
112,903.94,955.5,885.28,952.62,27214568,1651640400000
113,939.21,945.6,857.7,873.28,30839731,1651726800000
114,887.0,888.0,843.105,865.65,24301037,1651813200000
115,836.45,845.63,781.15,787.11,30270074,1652072400000
116,819.31,825.36,774.25,800.04,28133877,1652158800000
117,795.0,809.77,727.2,734.0,32408153,1652245200000
118,701.0,759.66,680.0,728.0,46770954,1652331600000
119,773.48,787.3499,751.565,769.59,30716908,1652418000000
120,767.16,769.76,719.0885,724.37,28699513,1652677200000
121,747.36,764.48,728.85,761.61,26745370,1652763600000
122,744.52,760.5,700.81,709.81,29270604,1652850000000
123,707.0,734.0,694.11,709.42,30098891,1652936400000
124,713.99,721.582,633.0,663.9,48324435,1653022800000
