,open,high,low,close,volume,datetime
0,459.17,460.3,448.92,453.42,137331647,1638511200000
1,456.13,460.79,453.56,458.79,98977532,1638770400000
2,464.41,468.88,458.6546,468.28,95484688,1638856800000
3,468.7,470.0,466.83,469.52,72238777,1638943200000
4,468.15,469.6291,466.14,466.35,61272568,1639029600000
5,469.23,470.9,466.51,470.74,77159757,1639116000000
6,470.19,470.56,466.27,466.57,87724680,1639375200000
7,463.09,465.74,460.25,463.36,97264128,1639461600000
8,463.42,470.86,460.74,470.6,116899251,1639548000000
9,472.57,472.87,464.8,466.45,116568626,1639634400000
10,461.55,464.74,458.06,459.87,135636510,1639720800000
11,454.48,455.4,451.14,454.98,107134822,1639980000000
12,458.61,463.21,456.31,463.06,69806260,1640066400000
13,462.79,467.81,462.58,467.69,58890223,1640152800000
14,468.75,472.19,468.64,470.6,56439745,1640239200000
15,472.06,477.31,472.01,477.26,56808619,1640584800000
16,477.72,478.81,476.06,476.87,47274585,1640671200000
17,476.98,478.56,475.92,477.48,54502964,1640757600000
18,477.93,479.0,475.67,476.16,55329041,1640844000000
19,475.64,476.86,474.67,474.96,65237431,1640930400000
20,476.3,477.85,473.85,477.71,72668233,1641189600000
21,479.22,479.98,475.58,477.55,71178678,1641276000000
22,477.16,477.98,468.2801,468.38,104538940,1641362400000
23,467.89,470.82,465.43,467.94,86858900,1641448800000
24,467.95,469.2,464.65,466.09,85111593,1641535200000
25,462.7,465.74,456.5973,465.51,119361989,1641794400000
26,465.23,469.85,462.05,469.75,74303062,1641880800000
27,471.59,473.2,468.94,471.02,67605444,1641967200000
28,472.19,472.88,463.44,464.53,91173121,1642053600000
29,461.19,465.09,459.9,464.72,95890948,1642140000000
30,459.74,459.96,455.31,456.49,109872376,1642485600000
31,458.13,459.6124,451.46,451.75,109357569,1642572000000
32,453.75,458.74,444.5,446.75,122379696,1642658400000
33,445.56,448.06,437.95,437.98,202271241,1642744800000
34,432.03,440.38,420.76,439.84,252496719,1643004000000
35,433.06,439.72,427.15,434.47,167997325,1643090400000
36,440.72,444.04,428.86,433.38,186391088,1643176800000
37,438.26,441.59,429.45,431.24,149878307,1643263200000
38,432.68,442.0,427.82,441.95,164457370,1643349600000
39,441.24,450.28,439.81,449.91,152251425,1643608800000
40,450.68,453.63,446.9384,452.95,123155382,1643695200000
41,455.5,458.12,453.05,457.35,117360953,1643781600000
42,450.95,452.97,445.71,446.6,118024442,1643868000000
43,446.35,452.78,443.83,448.7,118454352,1643954400000
44,449.51,450.99,445.85,447.26,84472859,1644213600000
45,446.73,451.92,445.22,450.94,81012036,1644300000000
46,455.22,457.88,455.005,457.54,92589929,1644386400000
47,451.34,457.71,447.2,449.32,140103712,1644472800000
48,449.41,451.605,438.94,440.46,153214597,1644559200000
49,439.92,441.6,435.34,439.02,123006262,1644818400000
50,443.73,446.28,443.18,446.1,88659503,1644904800000
51,443.93,448.055,441.94,446.6,84863585,1644991200000
52,443.22,446.5652,436.42,437.06,102259108,1645077600000
53,437.33,438.66,431.82,434.23,132642896,1645164000000
54,431.89,435.5,425.86,429.57,124391830,1645509600000
55,432.66,433.26,421.35,421.95,132578005,1645596000000
56,411.02,428.76,410.64,428.3,213942946,1645682400000
57,429.61,437.84,427.86,437.75,121804459,1645768800000
58,432.03,438.2,430.7,436.63,145615029,1646028000000
59,435.04,437.17,427.11,429.98,137785908,1646114400000
60,432.37,439.72,431.57,437.89,117726525,1646200800000
61,440.47,441.11,433.8,435.71,105501715,1646287200000
62,431.75,433.37,427.88,432.17,114083256,1646373600000
63,431.55,432.3018,419.36,419.43,137896560,1646632800000
64,419.62,427.21,415.12,416.25,164772744,1646719200000
65,425.14,429.51,422.82,427.41,116990765,1646805600000
66,422.52,426.43,420.44,425.48,93972655,1646892000000
67,428.12,428.77,419.53,420.07,95636277,1646978400000
68,420.89,424.55,415.79,417.0,95729188,1647234000000
69,419.77,426.84,418.42,426.17,106219117,1647320400000
70,429.89,435.68,424.8,435.62,144954805,1647406800000
71,433.59,441.07,433.19,441.07,102676870,1647493200000
72,438.0,444.86,437.22,444.52,106345544,1647579600000
73,444.34,446.46,440.68,444.39,88349763,1647838800000
74,445.86,450.58,445.86,449.59,74650394,1647925200000
75,446.91,448.49,443.71,443.8,79426098,1648011600000
76,445.94,450.5,444.76,450.49,64736892,1648098000000
77,451.16,452.98,448.43,452.69,77101324,1648184400000
78,452.06,455.91,450.06,455.91,68529767,1648443600000
79,460.02,462.07,457.18,461.55,86581542,1648530000000
80,460.34,461.195,456.465,458.7,79666942,1648616400000
81,457.89,458.76,451.16,451.64,121699948,1648702800000
82,453.31,453.46,449.14,452.92,89048773,1648789200000
83,453.13,456.91,452.26,456.8,59601000,1649048400000
84,455.22,457.83,449.82,451.03,74214501,1649134800000
85,446.89,448.93,443.47,446.52,106897970,1649221200000
86,445.59,450.69,443.53,448.77,78097214,1649307600000
87,447.97,450.63,445.94,447.57,79272711,1649394000000
88,444.11,445.0,439.39,439.92,89770538,1649653200000
89,443.08,445.75,436.6501,438.29,84363635,1649739600000
90,438.03,444.11,437.84,443.31,74070394,1649826000000
91,443.55,444.7301,437.68,437.79,97869451,1649912400000
92,436.81,439.75,435.61,437.97,66002498,1650258000000
93,437.86,445.8,437.68,445.04,77821013,1650344400000
94,446.92,447.57,443.48,444.71,65224449,1650430800000
95,448.54,450.01,437.1,438.06,85417327,1650517200000
96,436.91,438.0825,425.44,426.04,132471772,1650603600000
97,423.67,428.69,418.84,428.51,119647748,1650862800000
98,425.83,426.04,416.07,416.1,103996312,1650949200000
99,417.24,422.92,415.01,417.27,122029990,1651035600000
100,422.29,429.64,417.6,427.81,105449088,1651122000000
101,423.59,425.87,411.21,412.0,145491088,1651208400000
102,412.07,415.92,405.02,414.48,158312526,1651467600000
103,415.01,418.93,413.36,416.38,100028190,1651554000000
104,417.08,429.66,413.7099,429.06,144247895,1651640400000
105,424.55,425.0,409.44,413.81,172929106,1651726800000
106,411.1,414.8,405.73,411.34,151770811,1651813200000
107,405.1,406.41,396.5,398.17,155586067,1652072400000
108,404.49,406.08,394.82,399.09,132497200,1652158800000
109,398.07,404.04,391.96,392.75,142360992,1652245200000
110,389.37,395.8,385.15,392.34,125090753,1652331600000
111,396.71,403.18,395.61,401.72,104174421,1652418000000
112,399.98,403.97,397.6,400.09,78622444,1652677200000
113,406.53,408.57,402.5824,408.32,83029710,1652763600000
114,403.5,403.8,390.55,391.86,117674545,1652850000000
115,388.62,394.14,387.11,389.46,98510715,1652936400000
116,393.25,397.03,380.54,389.63,131432197,1653022800000
117,392.83,397.73,390.38,396.92,76414878,1653282000000
118,392.56,395.15,386.96,393.89,91448831,1653368400000
119,392.31,399.45,391.89,397.37,91472866,1653454800000
120,398.67,407.04,398.45,405.31,82168339,1653541200000
121,407.91,415.3801,407.7,415.26,84768710,1653627600000
122,413.55,416.46,410.03,412.93,95936980,1653973200000
123,415.17,416.24,406.93,409.59,86585813,1654059600000
124,409.42,417.44,407.04,417.39,79609633,1654146000000
125,412.4,414.04,409.51,410.54,71874281,1654232400000
