,open,high,low,close,volume,datetime
0,159.565,160.45,156.36,156.81,76959752,1637906400000
1,159.37,161.19,158.7901,160.24,88748217,1638165600000
2,159.985,165.52,159.92,165.3,174048060,1638252000000
3,167.48,170.3,164.53,164.77,152423000,1638338400000
4,158.735,164.2,157.8,163.76,136739170,1638424800000
5,164.02,164.96,159.72,161.84,118023116,1638511200000
6,164.29,167.8799,164.28,165.32,107496982,1638770400000
7,169.08,171.58,168.34,171.18,120405352,1638856800000
8,172.125,175.96,170.7,175.08,116998901,1638943200000
9,174.91,176.75,173.92,174.56,108923739,1639029600000
10,175.205,179.63,174.69,179.45,115402731,1639116000000
11,181.115,182.13,175.53,175.74,153237020,1639375200000
12,175.25,177.74,172.21,174.33,139380380,1639461600000
13,175.11,179.5,172.3108,179.3,131063257,1639548000000
14,179.28,181.14,170.75,172.26,150185840,1639634400000
15,169.93,173.47,169.69,171.14,195923440,1639720800000
16,168.28,170.58,167.46,169.75,107499114,1639980000000
17,171.555,173.2,169.12,172.99,91185905,1640066400000
18,173.04,175.86,172.15,175.64,92135303,1640152800000
19,175.85,176.8499,175.27,176.28,68356567,1640239200000
20,177.085,180.42,177.07,180.33,74919582,1640584800000
21,180.16,181.33,178.53,179.29,79144339,1640671200000
22,179.33,180.63,178.14,179.38,62348931,1640757600000
23,179.47,180.57,178.09,178.2,59773014,1640844000000
24,178.085,179.23,177.26,177.57,64062261,1640930400000
25,177.83,182.88,177.71,182.01,104701220,1641189600000
26,182.63,182.94,179.12,179.7,99310438,1641276000000
27,179.61,180.17,174.64,174.92,94537602,1641362400000
28,172.7,175.3,171.64,172.0,96903955,1641448800000
29,172.89,174.14,171.03,172.17,86709147,1641535200000
30,169.08,172.5,168.17,172.19,106765552,1641794400000
31,172.32,175.18,170.82,175.08,76138312,1641880800000
32,176.12,177.18,174.82,175.53,74805173,1641967200000
33,175.78,176.62,171.79,172.19,84505760,1642053600000
34,171.34,173.78,171.09,173.07,80440780,1642140000000
35,171.51,172.54,169.405,169.8,91168729,1642485600000
36,170.0,171.08,165.94,166.23,94814990,1642572000000
37,166.98,169.68,164.18,164.51,91420515,1642658400000
38,164.415,166.33,162.3,162.41,122848858,1642744800000
39,160.02,162.3,154.7,161.62,162706690,1643004000000
40,158.98,162.76,157.02,159.78,115798367,1643090400000
41,163.5,164.3894,157.82,159.69,108275308,1643176800000
42,162.45,163.84,158.28,159.22,121954638,1643263200000
43,165.71,170.35,162.8,170.33,179935660,1643349600000
44,170.16,175.0,169.51,174.78,115541590,1643608800000
45,174.01,174.84,172.31,174.61,86213911,1643695200000
46,174.745,175.88,173.33,175.84,84914256,1643781600000
47,174.48,176.2399,172.12,172.9,89418074,1643868000000
48,171.68,174.1,170.68,172.39,82465400,1643954400000
49,172.86,173.9458,170.95,171.66,77251204,1644213600000
50,171.73,175.35,171.43,174.83,74829217,1644300000000
51,176.05,176.65,174.9,176.28,71285038,1644386400000
52,174.14,175.48,171.55,172.12,90865899,1644472800000
53,172.33,173.08,168.04,168.64,98670687,1644559200000
54,167.37,169.58,166.56,168.88,86185530,1644818400000
55,170.97,172.95,170.25,172.79,64286320,1644904800000
56,171.85,173.34,170.05,172.55,61177398,1644991200000
57,171.03,171.91,168.47,168.88,69589344,1645077600000
58,169.82,170.5413,166.19,167.3,82772674,1645164000000
59,164.98,166.69,162.15,164.32,91162758,1645509600000
60,165.54,166.15,159.75,160.07,90009247,1645596000000
61,152.58,162.85,152.0,162.74,141147540,1645682400000
62,163.84,165.12,160.8738,164.85,91974222,1645768800000
63,163.06,165.42,162.43,165.12,95056629,1646028000000
64,164.695,166.6,161.97,163.2,83474425,1646114400000
65,164.39,167.36,162.95,166.56,79724750,1646200800000
66,168.47,168.91,165.55,166.23,76678441,1646287200000
67,164.49,165.55,162.1,163.17,83819592,1646373600000
68,163.36,165.02,159.04,159.3,96418845,1646632800000
69,158.82,162.88,155.8,157.44,131148280,1646719200000
70,161.475,163.41,159.41,162.95,91454905,1646805600000
71,160.2,160.39,155.98,158.52,105342033,1646892000000
72,158.93,159.28,154.5,154.73,96970102,1646978400000
73,151.45,154.12,150.1,150.62,108732111,1647234000000
74,150.9,155.57,150.38,155.09,92964302,1647320400000
75,157.05,160.0,154.46,159.59,102300157,1647406800000
76,158.61,161.0,157.63,160.62,75615376,1647493200000
77,160.51,164.48,159.76,163.98,123511692,1647579600000
78,163.51,166.35,163.015,165.38,95811352,1647838800000
79,165.51,169.42,164.91,168.82,81532007,1647925200000
80,167.99,172.64,167.65,170.21,98062674,1648011600000
81,171.06,174.14,170.21,174.07,90131418,1648098000000
82,173.88,175.28,172.75,174.72,80546156,1648184400000
83,172.17,175.73,172.0,175.6,90371916,1648443600000
84,176.69,179.01,176.34,178.96,100589440,1648530000000
85,178.55,179.61,176.7,177.77,92633154,1648616400000
86,177.84,178.03,174.4,174.61,103049285,1648702800000
87,174.03,174.88,171.94,174.31,78751328,1648789200000
88,174.57,178.49,174.44,178.44,76545983,1649048400000
89,177.5,178.3,174.415,175.06,73401786,1649134800000
90,172.36,173.63,170.13,171.83,89058782,1649221200000
91,171.16,173.36,169.85,172.14,77594650,1649307600000
92,171.78,171.78,169.2,170.09,76575508,1649394000000
93,168.71,169.03,165.5,165.75,72246706,1649653200000
94,168.02,169.87,166.64,167.66,79265181,1649739600000
95,167.39,171.04,166.77,170.4,70618925,1649826000000
96,170.62,171.27,165.04,165.29,75329376,1649912400000
97,163.92,166.5984,163.57,165.07,69023941,1650258000000
98,165.02,167.82,163.91,167.4,67723833,1650344400000
99,168.76,168.88,166.1,167.23,67929814,1650430800000
100,168.91,171.53,165.91,166.42,87227768,1650517200000
101,166.46,167.8699,161.5,161.79,84882424,1650603600000
102,161.12,163.17,158.46,162.88,96046376,1650862800000
103,162.25,162.34,156.72,156.8,95623240,1650949200000
104,155.91,159.79,155.38,156.57,88063191,1651035600000
105,159.25,164.515,158.93,163.64,130216792,1651122000000
106,161.84,166.2,157.25,157.65,131747571,1651208400000
107,156.71,158.23,153.27,157.96,123055265,1651467600000
108,158.15,160.71,156.32,159.48,88966526,1651554000000
109,159.67,166.48,159.26,166.02,108256503,1651640400000
110,163.85,164.08,154.95,156.77,130525275,1651726800000
111,156.01,159.44,154.18,157.28,116124647,1651813200000
112,154.925,155.83,151.49,152.06,131577921,1652072400000
113,155.52,156.74,152.93,154.51,115366736,1652158800000
114,153.5,155.45,145.81,146.5,142689830,1652245200000
115,142.77,146.2,138.8,142.56,182602040,1652331600000
116,144.59,148.105,143.11,147.11,113990852,1652418000000
117,145.55,147.5199,144.18,145.54,86643781,1652677200000
118,148.86,149.77,146.68,149.24,78336254,1652763600000
119,146.85,147.3601,139.9,140.82,109742890,1652850000000
120,139.88,141.66,136.6,137.35,136095640,1652936400000
121,139.09,140.7,132.61,137.59,137426130,1653022800000
122,137.79,143.26,137.65,143.11,117726265,1653282000000
123,140.805,141.97,137.33,140.36,104132746,1653368400000
124,138.43,141.785,138.34,140.52,92482696,1653454800000
125,137.39,144.34,137.14,143.78,90601548,1653541200000
