,putCall,symbol,description,exchangeName,bid,ask,last,mark,bidSize,askSize,bidAskSize,lastSize,highPrice,lowPrice,openPrice,closePrice,totalVolume,tradeDate,tradeTimeInLong,quoteTimeInLong,netChange,volatility,delta,gamma,theta,vega,rho,openInterest,timeValue,theoreticalOptionValue,theoreticalVolatility,optionDeliverablesList,strikePrice,expirationDate,daysToExpiration,expirationType,lastTradingDay,multiplier,settlementType,deliverableNote,isIndexOption,percentChange,markChange,markPercentChange,intrinsicValue,pennyPilot,inTheMoney,mini,nonStandard
0,PUT,TSLA_070822P595,TSLA Jul 8 2022 595 Put (Weekly),OPR,25.95,27.55,25.21,26.76,7,4,7X4,0,33.5,25.21,0.0,0.0,15,,1653583369772,1653595199894,0.0,77.452,-0.216,0.002,-0.631,0.717,-0.21,0,25.21,26.758,29.0,,595.0,1657310400000,43,S,1657324800000,100.0, ,,,0.0,26.76,0.0,-112.73,True,False,False,False
1,PUT,TSLA_070822P600,TSLA Jul 8 2022 600 Put (Weekly),OPR,27.1,28.75,28.0,27.91,7,5,7X5,0,39.97,27.0,0.0,0.0,8,,1653591881805,1653595199541,0.0,76.927,-0.224,0.002,-0.64,0.733,-0.218,0,28.0,27.909,29.0,,600.0,1657310400000,43,S,1657324800000,100.0, ,,,0.0,27.91,0.0,-107.73,True,False,False,False
2,PUT,TSLA_070822P605,TSLA Jul 8 2022 605 Put (Weekly),OPR,28.05,30.0,28.1,29.06,7,2,7X2,0,32.96,28.1,0.0,0.0,3,,1653587119229,1653595199040,0.0,76.352,-0.233,0.002,-0.649,0.748,-0.226,0,28.1,29.061,29.0,,605.0,1657310400000,43,S,1657324800000,100.0, ,,,0.0,29.06,0.0,-102.73,True,False,False,False
3,PUT,TSLA_070822P610,TSLA Jul 8 2022 610 Put (Weekly),OPR,29.45,31.45,0.0,30.4,7,1,7X1,0,0.0,0.0,0.0,0.0,0,,0,1653595199253,0.0,75.969,-0.242,0.002,-0.659,0.764,-0.234,0,30.45,30.397,29.0,,610.0,1657310400000,43,S,1657324800000,100.0, ,,,0.0,30.4,0.0,-97.73,True,False,False,False
4,PUT,TSLA_070822P615,TSLA Jul 8 2022 615 Put (Weekly),OPR,30.8,32.6,29.55,31.73,7,3,7X3,0,29.85,29.55,0.0,0.0,2,,1653582722137,1653595199042,0.0,75.529,-0.251,0.002,-0.668,0.779,-0.243,0,29.55,31.733,29.0,,615.0,1657310400000,43,S,1657324800000,100.0, ,,,0.0,31.73,0.0,-92.73,True,False,False,False
5,PUT,TSLA_070822P620,TSLA Jul 8 2022 620 Put (Weekly),OPR,32.15,34.1,32.74,33.1,8,1,8X1,0,42.0,32.74,0.0,0.0,3,,1653594780636,1653595199968,0.0,75.071,-0.26,0.002,-0.677,0.794,-0.252,0,32.74,33.098,29.0,,620.0,1657310400000,43,S,1657324800000,100.0, ,,,0.0,33.1,0.0,-87.73,True,False,False,False
6,PUT,TSLA_070822P625,TSLA Jul 8 2022 625 Put (Weekly),OPR,33.5,35.4,0.0,34.46,10,3,10X3,0,0.0,0.0,0.0,0.0,0,,0,1653595198972,0.0,74.559,-0.269,0.002,-0.684,0.808,-0.261,0,34.45,34.463,29.0,,625.0,1657310400000,43,S,1657324800000,100.0, ,,,0.0,34.46,0.0,-82.73,True,False,False,False
7,PUT,TSLA_070822P630,TSLA Jul 8 2022 630 Put (Weekly),OPR,34.95,36.95,35.6,35.95,10,5,10X5,0,50.62,35.6,0.0,0.0,13,,1653594780636,1653595199605,0.0,74.145,-0.279,0.002,-0.692,0.823,-0.27,0,35.6,35.95,29.0,,630.0,1657310400000,43,S,1657324800000,100.0, ,,,0.0,35.95,0.0,-77.73,True,False,False,False
8,PUT,TSLA_070822P635,TSLA Jul 8 2022 635 Put (Weekly),OPR,36.4,38.5,0.0,37.45,8,7,8X7,0,0.0,0.0,0.0,0.0,0,,0,1653595198936,0.0,73.689,-0.289,0.002,-0.699,0.836,-0.279,0,37.45,37.45,29.0,,635.0,1657310400000,43,S,1657324800000,100.0, ,,,0.0,37.45,0.0,-72.73,True,False,False,False
9,PUT,TSLA_070822P640,TSLA Jul 8 2022 640 Put (Weekly),OPR,37.8,40.1,48.0,38.95,10,7,10X7,0,56.06,48.0,0.0,0.0,3,,1653573471643,1653595199531,0.0,73.185,-0.299,0.002,-0.705,0.85,-0.289,0,48.0,38.954,29.0,,640.0,1657310400000,43,S,1657324800000,100.0, ,,,0.0,38.95,0.0,-67.73,True,False,False,False
10,PUT,TSLA_070822P645,TSLA Jul 8 2022 645 Put (Weekly),OPR,39.45,41.7,57.34,40.59,8,7,8X7,0,57.34,57.34,0.0,0.0,1,,1653572433197,1653595199530,0.0,72.782,-0.309,0.002,-0.712,0.862,-0.299,0,57.34,40.591,29.0,,645.0,1657310400000,43,S,1657324800000,100.0, ,,,0.0,40.59,0.0,-62.73,True,False,False,False
11,PUT,TSLA_070822P650,TSLA Jul 8 2022 650 Put (Weekly),OPR,41.1,43.45,42.5,42.23,8,10,8X10,0,60.7,40.24,0.0,0.0,9,,1653593920614,1653595198930,0.0,72.322,-0.319,0.002,-0.717,0.875,-0.309,0,42.5,42.228,29.0,,650.0,1657310400000,43,S,1657324800000,100.0, ,,,0.0,42.23,0.0,-57.73,True,False,False,False
12,PUT,TSLA_070822P655,TSLA Jul 8 2022 655 Put (Weekly),OPR,42.35,45.2,0.0,43.87,1,10,1X10,0,0.0,0.0,0.0,0.0,0,,0,1653595199221,0.0,71.808,-0.33,0.002,-0.722,0.887,-0.318,0,43.78,43.865,29.0,,655.0,1657310400000,43,S,1657324800000,100.0, ,,,0.0,43.87,0.0,-52.73,True,False,False,False
13,PUT,TSLA_070822P660,TSLA Jul 8 2022 660 Put (Weekly),OPR,44.5,46.75,0.0,45.63,1,6,1X6,0,0.0,0.0,0.0,0.0,0,,0,1653595199701,0.0,71.383,-0.341,0.002,-0.726,0.898,-0.329,0,45.63,45.631,29.0,,660.0,1657310400000,43,S,1657324800000,100.0, ,,,0.0,45.63,0.0,-47.73,True,False,False,False
14,PUT,TSLA_070822P665,TSLA Jul 8 2022 665 Put (Weekly),OPR,46.25,48.85,54.33,47.4,7,12,7X12,0,54.33,54.33,0.0,0.0,1,,1653575824298,1653595199567,0.0,70.902,-0.352,0.002,-0.73,0.908,-0.339,0,54.33,47.396,29.0,,665.0,1657310400000,43,S,1657324800000,100.0, ,,,0.0,47.4,0.0,-42.73,True,False,False,False
15,PUT,TSLA_070822P670,TSLA Jul 8 2022 670 Put (Weekly),OPR,47.5,50.55,48.12,49.16,1,7,1X7,0,55.99,48.12,0.0,0.0,2,,1653586354908,1653595199851,0.0,70.366,-0.363,0.002,-0.732,0.918,-0.349,0,48.12,49.161,29.0,,670.0,1657310400000,43,S,1657324800000,100.0, ,,,0.0,49.16,0.0,-37.73,True,False,False,False
16,PUT,TSLA_070822P675,TSLA Jul 8 2022 675 Put (Weekly),OPR,49.45,52.85,52.0,51.21,1,13,1X13,0,52.0,50.0,0.0,0.0,2,,1653593668685,1653595199848,0.0,70.083,-0.374,0.002,-0.736,0.928,-0.36,0,52.0,51.212,29.0,,675.0,1657310400000,43,S,1657324800000,100.0, ,,,0.0,51.21,0.0,-32.73,True,False,False,False
17,PUT,TSLA_070822P680,TSLA Jul 8 2022 680 Put (Weekly),OPR,51.9,54.9,51.8,53.26,7,9,7X9,0,51.8,51.8,0.0,0.0,1,,1653587119995,1653595199588,0.0,69.741,-0.386,0.002,-0.739,0.936,-0.37,0,51.8,53.262,29.0,,680.0,1657310400000,43,S,1657324800000,100.0, ,,,0.0,53.26,0.0,-27.73,True,False,False,False
18,PUT,TSLA_070822P685,TSLA Jul 8 2022 685 Put (Weekly),OPR,53.5,56.95,0.0,55.31,7,14,7X14,0,0.0,0.0,0.0,0.0,0,,0,1653595199609,0.0,69.341,-0.397,0.002,-0.741,0.944,-0.381,0,55.22,55.312,29.0,,685.0,1657310400000,43,S,1657324800000,100.0, ,,,0.0,55.31,0.0,-22.73,True,False,False,False
19,PUT,TSLA_070822P690,TSLA Jul 8 2022 690 Put (Weekly),OPR,55.85,58.9,0.0,57.42,7,12,7X12,0,0.0,0.0,0.0,0.0,0,,0,1653595198945,0.0,68.946,-0.409,0.002,-0.742,0.951,-0.392,0,57.38,57.423,29.0,,690.0,1657310400000,43,S,1657324800000,100.0, ,,,0.0,57.42,0.0,-17.73,True,False,False,False
20,PUT,TSLA_070822P695,TSLA Jul 8 2022 695 Put (Weekly),OPR,58.1,61.4,57.78,59.65,9,13,9X13,0,75.65,57.78,0.0,0.0,5,,1653583554565,1653595199087,0.0,68.619,-0.421,0.002,-0.743,0.957,-0.403,0,57.78,59.653,29.0,,695.0,1657310400000,43,S,1657324800000,100.0, ,,,0.0,59.65,0.0,-12.73,True,False,False,False
21,PUT,TSLA_070822P700,TSLA Jul 8 2022 700 Put (Weekly),OPR,59.85,63.8,63.25,61.88,8,14,8X14,0,69.0,59.93,0.0,0.0,11,,1653593397358,1653595199531,0.0,68.234,-0.433,0.002,-0.743,0.963,-0.413,0,63.25,61.884,29.0,,700.0,1657310400000,43,S,1657324800000,100.0, ,,,0.0,61.88,0.0,-7.73,True,False,False,False
22,PUT,TSLA_070822P705,TSLA Jul 8 2022 705 Put (Weekly),OPR,62.55,65.8,63.0,64.18,11,13,11X13,0,63.0,63.0,0.0,0.0,1,,1653586295168,1653595199982,0.0,67.856,-0.445,0.002,-0.742,0.967,-0.424,0,63.0,64.18,29.0,,705.0,1657310400000,43,S,1657324800000,100.0, ,,,0.0,64.18,0.0,-2.73,True,False,False,False
23,PUT,TSLA_070822P710,TSLA Jul 8 2022 710 Put (Weekly),OPR,64.85,68.25,0.0,66.56,8,14,8X14,0,0.0,0.0,0.0,0.0,0,,0,1653595198973,0.0,67.515,-0.457,0.002,-0.741,0.971,-0.435,0,64.28,66.566,29.0,,710.0,1657310400000,43,S,1657324800000,100.0, ,,,0.0,66.56,0.0,2.27,True,True,False,False
24,PUT,TSLA_070822P715,TSLA Jul 8 2022 715 Put (Weekly),OPR,67.2,70.8,0.0,68.95,7,14,7X14,0,0.0,0.0,0.0,0.0,0,,0,1653595199537,0.0,67.113,-0.469,0.002,-0.738,0.974,-0.446,0,61.73,68.951,29.0,,715.0,1657310400000,43,S,1657324800000,100.0, ,,,0.0,68.95,0.0,7.27,True,True,False,False
25,PUT,TSLA_070822P720,TSLA Jul 8 2022 720 Put (Weekly),OPR,69.65,73.75,0.0,71.6,7,10,7X10,0,0.0,0.0,0.0,0.0,0,,0,1653595199898,0.0,66.929,-0.482,0.002,-0.737,0.975,-0.457,0,59.43,71.607,29.0,,720.0,1657310400000,43,S,1657324800000,100.0, ,,,0.0,71.6,0.0,12.27,True,True,False,False
26,PUT,TSLA_070822P725,TSLA Jul 8 2022 725 Put (Weekly),OPR,72.15,76.0,73.25,74.25,10,13,10X13,0,73.25,73.25,0.0,0.0,1,,1653586312918,1653595198930,0.0,66.686,-0.494,0.002,-0.735,0.976,-0.467,0,55.98,74.263,29.0,,725.0,1657310400000,43,S,1657324800000,100.0, ,,,0.0,74.25,0.0,17.27,True,True,False,False
27,PUT,TSLA_070822P730,TSLA Jul 8 2022 730 Put (Weekly),OPR,74.7,78.6,0.0,76.91,7,11,7X11,0,0.0,0.0,0.0,0.0,0,,0,1653595199610,0.0,66.383,-0.506,0.002,-0.731,0.976,-0.478,0,54.38,76.919,29.0,,730.0,1657310400000,43,S,1657324800000,100.0, ,,,0.0,76.91,0.0,22.27,True,True,False,False
28,PUT,TSLA_070822P735,TSLA Jul 8 2022 735 Put (Weekly),OPR,77.3,81.9,0.0,79.56,7,13,7X13,0,0.0,0.0,0.0,0.0,0,,0,1653595199678,0.0,66.022,-0.519,0.002,-0.726,0.977,-0.534,0,52.33,79.574,29.0,,735.0,1657310400000,43,S,1657324800000,100.0, ,,,0.0,79.56,0.0,27.27,True,True,False,False
29,PUT,TSLA_062124P100,TSLA Jun 21 2024 100 Put,OPR,5.0,7.05,5.6,6.03,10,12,10X12,0,6.5,5.5,0.0,6.22,41,,1653592491740,1653595198936,-0.62,-999.0,-999.0,-999.0,-999.0,-999.0,-999.0,695,5.6,-1.0,29.0,,100.0,1719000000000,757,R,1719014400000,100.0, ,,,-10.04,-0.2,-3.21,-607.73,True,False,False,False
0,CALL,TSLA_061722C1925,TSLA Jun 17 2022 1925 Call,OPR,0.0,0.2,0.01,0.0,0,13,0X13,0,0.0,0.0,0.0,0.0,0,,1652709218682,1653595199866,0.01,87.094,0.0,0.0,0.0,0.0,0.0,117,0.01,0.0,29.0,,1925.0,1655496000000,22,R,1655510400000,100.0, ,,,9900.0,0.0,0.0,-1217.27,True,False,False,False
1,CALL,TSLA_061722C1950,TSLA Jun 17 2022 1950 Call,OPR,0.0,0.22,0.02,0.0,0,20,0X20,0,0.02,0.02,0.0,0.0,1,,1653578120375,1653595198274,0.02,88.12,0.0,0.0,0.0,0.0,0.0,507,0.02,0.0,29.0,,1950.0,1655496000000,22,R,1655510400000,100.0, ,,,19900.0,0.0,0.0,-1242.27,True,False,False,False
2,CALL,TSLA_070122C200,TSLA Jul 1 2022 200 Call (Weekly),OPR,506.6,509.6,0.0,507.98,4,4,4X4,0,0.0,0.0,0.0,459.52,0,,0,1653595199622,0.0,156.603,0.997,0.0,-0.037,0.018,0.199,0,0.37,507.976,29.0,,200.0,1656705600000,36,S,1656720000000,100.0, ,,,0.0,48.45,10.54,507.73,True,True,False,False
3,CALL,TSLA_070822C595,TSLA Jul 8 2022 595 Call (Weekly),OPR,137.0,143.8,0.0,140.36,9,13,9X13,0,0.0,0.0,0.0,0.0,0,,0,1653595199891,0.0,77.452,0.785,0.002,-0.653,0.717,0.497,0,27.67,140.443,29.0,,595.0,1657310400000,43,S,1657324800000,100.0, ,,,0.0,140.36,0.0,112.73,True,True,False,False
4,CALL,TSLA_070822C600,TSLA Jul 8 2022 600 Call (Weekly),OPR,133.4,139.95,144.85,136.52,18,15,18X15,0,144.85,144.85,0.0,0.0,5,,1653584292540,1653595199980,0.0,76.927,0.777,0.002,-0.662,0.733,0.494,0,37.12,136.595,29.0,,600.0,1657310400000,43,S,1657324800000,100.0, ,,,0.0,136.52,0.0,107.73,True,True,False,False
5,CALL,TSLA_070822C605,TSLA Jul 8 2022 605 Call (Weekly),OPR,129.7,136.1,0.0,132.68,12,15,12X15,0,0.0,0.0,0.0,0.0,0,,0,1653595199888,0.0,76.352,0.769,0.002,-0.671,0.748,0.492,0,30.17,132.748,29.0,,605.0,1657310400000,43,S,1657324800000,100.0, ,,,0.0,132.68,0.0,102.73,True,True,False,False
6,CALL,TSLA_070822C610,TSLA Jul 8 2022 610 Call (Weekly),OPR,126.0,132.25,0.0,129.02,13,13,13X13,0,0.0,0.0,0.0,0.0,0,,0,1653595199888,0.0,75.969,0.76,0.002,-0.681,0.764,0.489,0,31.4,129.084,29.0,,610.0,1657310400000,43,S,1657324800000,100.0, ,,,0.0,129.02,0.0,97.73,True,True,False,False
7,CALL,TSLA_070822C615,TSLA Jul 8 2022 615 Call (Weekly),OPR,122.25,128.5,0.0,125.36,13,15,13X15,0,0.0,0.0,0.0,0.0,0,,0,1653595198930,0.0,75.529,0.751,0.002,-0.69,0.779,0.485,0,32.65,125.421,29.0,,615.0,1657310400000,43,S,1657324800000,100.0, ,,,0.0,125.36,0.0,92.73,True,True,False,False
8,CALL,TSLA_070822C620,TSLA Jul 8 2022 620 Call (Weekly),OPR,118.85,124.75,0.0,121.73,14,13,14X13,0,0.0,0.0,0.0,0.0,0,,0,1653595198930,0.0,75.071,0.741,0.002,-0.699,0.794,0.482,0,34.07,121.786,29.0,,620.0,1657310400000,43,S,1657324800000,100.0, ,,,0.0,121.73,0.0,87.73,True,True,False,False
9,CALL,TSLA_070822C625,TSLA Jul 8 2022 625 Call (Weekly),OPR,115.35,121.1,0.0,118.1,9,15,9X15,0,0.0,0.0,0.0,0.0,0,,0,1653595199925,0.0,74.559,0.732,0.002,-0.706,0.808,0.478,0,35.49,118.151,29.0,,625.0,1657310400000,43,S,1657324800000,100.0, ,,,0.0,118.1,0.0,82.73,True,True,False,False
10,CALL,TSLA_070822C630,TSLA Jul 8 2022 630 Call (Weekly),OPR,111.85,117.5,0.0,114.59,14,13,14X13,0,0.0,0.0,0.0,0.0,0,,0,1653595198930,0.0,74.145,0.722,0.002,-0.714,0.823,0.474,0,36.95,114.639,29.0,,630.0,1657310400000,43,S,1657324800000,100.0, ,,,0.0,114.59,0.0,77.73,True,True,False,False
11,CALL,TSLA_070822C635,TSLA Jul 8 2022 635 Call (Weekly),OPR,108.3,113.9,94.15,111.09,14,14,14X14,0,94.15,94.15,0.0,0.0,1,,1653574817761,1653595198930,0.0,73.689,0.713,0.002,-0.721,0.836,0.47,0,21.42,111.139,29.0,,635.0,1657310400000,43,S,1657324800000,100.0, ,,,0.0,111.09,0.0,72.73,True,True,False,False
12,CALL,TSLA_070822C640,TSLA Jul 8 2022 640 Call (Weekly),OPR,105.1,110.35,0.0,107.6,15,15,15X15,0,0.0,0.0,0.0,0.0,0,,0,1653595198930,0.0,73.185,0.703,0.002,-0.727,0.85,0.466,0,39.99,107.644,29.0,,640.0,1657310400000,43,S,1657324800000,100.0, ,,,0.0,107.6,0.0,67.73,True,True,False,False
13,CALL,TSLA_070822C645,TSLA Jul 8 2022 645 Call (Weekly),OPR,101.65,106.9,72.94,104.24,11,13,11X13,0,72.94,72.27,0.0,0.0,4,,1653571973364,1653595199006,0.0,72.782,0.692,0.002,-0.734,0.863,0.461,0,10.21,104.282,29.0,,645.0,1657310400000,43,S,1657324800000,100.0, ,,,0.0,104.24,0.0,62.73,True,True,False,False
14,CALL,TSLA_070822C650,TSLA Jul 8 2022 650 Call (Weekly),OPR,98.5,103.5,101.0,100.89,14,14,14X14,0,101.0,100.0,0.0,0.0,2,,1653594546145,1653595198929,0.0,72.322,0.682,0.002,-0.739,0.875,0.456,0,43.27,100.919,29.0,,650.0,1657310400000,43,S,1657324800000,100.0, ,,,0.0,100.89,0.0,57.73,True,True,False,False
15,CALL,TSLA_070822C655,TSLA Jul 8 2022 655 Call (Weekly),OPR,95.3,100.1,0.0,97.53,13,13,13X13,0,0.0,0.0,0.0,0.0,0,,0,1653595199468,0.0,71.808,0.671,0.002,-0.744,0.887,0.452,0,44.97,97.557,29.0,,655.0,1657310400000,43,S,1657324800000,100.0, ,,,0.0,97.53,0.0,52.73,True,True,False,False
16,CALL,TSLA_070822C660,TSLA Jul 8 2022 660 Call (Weekly),OPR,92.15,96.8,64.31,94.3,12,15,12X15,0,64.31,64.3,0.0,0.0,2,,1653572427324,1653595199624,0.0,71.383,0.661,0.002,-0.748,0.898,0.446,0,16.58,94.322,29.0,,660.0,1657310400000,43,S,1657324800000,100.0, ,,,0.0,94.3,0.0,47.73,True,True,False,False
17,CALL,TSLA_070822C665,TSLA Jul 8 2022 665 Call (Weekly),OPR,89.05,93.55,96.95,91.07,17,13,17X13,0,97.2,62.42,0.0,0.0,4,,1653584602022,1653595199982,0.0,70.902,0.65,0.002,-0.752,0.909,0.441,0,54.22,91.088,29.0,,665.0,1657310400000,43,S,1657324800000,100.0, ,,,0.0,91.07,0.0,42.73,True,True,False,False
18,CALL,TSLA_070822C670,TSLA Jul 8 2022 670 Call (Weekly),OPR,85.9,90.35,93.13,87.84,16,13,16X13,0,93.13,58.9,0.0,0.0,6,,1653584041270,1653595198930,0.0,70.366,0.639,0.002,-0.754,0.919,0.435,0,55.4,87.854,29.0,,670.0,1657310400000,43,S,1657324800000,100.0, ,,,0.0,87.84,0.0,37.73,True,True,False,False
19,CALL,TSLA_070822C675,TSLA Jul 8 2022 675 Call (Weekly),OPR,83.0,87.2,69.57,84.89,12,13,12X13,0,69.57,58.87,0.0,0.0,21,,1653575824388,1653595199982,0.0,70.083,0.627,0.002,-0.758,0.928,0.429,0,36.84,84.905,29.0,,675.0,1657310400000,43,S,1657324800000,100.0, ,,,0.0,84.89,0.0,32.73,True,True,False,False
20,CALL,TSLA_070822C680,TSLA Jul 8 2022 680 Call (Weekly),OPR,80.0,84.15,66.74,81.94,10,10,10X10,0,66.74,56.67,0.0,0.0,17,,1653575824383,1653595199468,0.0,69.741,0.616,0.002,-0.761,0.937,0.423,0,39.01,81.956,29.0,,680.0,1657310400000,43,S,1657324800000,100.0, ,,,0.0,81.94,0.0,27.73,True,True,False,False
21,CALL,TSLA_070822C685,TSLA Jul 8 2022 685 Call (Weekly),OPR,76.95,81.05,63.01,79.0,13,14,13X14,0,66.35,62.0,0.0,0.0,47,,1653575824374,1653595198930,0.0,69.341,0.604,0.002,-0.763,0.945,0.417,0,40.28,79.007,29.0,,685.0,1657310400000,43,S,1657324800000,100.0, ,,,0.0,79.0,0.0,22.73,True,True,False,False
22,CALL,TSLA_070822C690,TSLA Jul 8 2022 690 Call (Weekly),OPR,73.95,78.15,70.85,76.11,7,8,7X8,0,70.85,55.93,0.0,0.0,41,,1653578765979,1653595198939,0.0,68.946,0.592,0.002,-0.764,0.952,0.41,0,53.12,76.118,29.0,,690.0,1657310400000,43,S,1657324800000,100.0, ,,,0.0,76.11,0.0,17.73,True,True,False,False
23,CALL,TSLA_070822C695,TSLA Jul 8 2022 695 Call (Weekly),OPR,71.9,75.7,57.83,73.35,8,14,8X14,0,60.7,57.83,0.0,0.0,16,,1653575824354,1653595199531,0.0,68.619,0.58,0.002,-0.765,0.958,0.403,0,45.1,73.349,29.0,,695.0,1657310400000,43,S,1657324800000,100.0, ,,,0.0,73.35,0.0,12.73,True,True,False,False
24,CALL,TSLA_070822C700,TSLA Jul 8 2022 700 Call (Weekly),OPR,69.0,72.9,73.6,70.58,10,13,10X13,0,73.6,55.0,0.0,0.0,26,,1653583332040,1653595198930,0.0,68.234,0.568,0.002,-0.765,0.964,0.397,0,65.87,70.581,29.0,,700.0,1657310400000,43,S,1657324800000,100.0, ,,,0.0,70.58,0.0,7.73,True,True,False,False
25,CALL,TSLA_070822C705,TSLA Jul 8 2022 705 Call (Weekly),OPR,66.4,69.3,65.5,67.88,15,7,15X7,0,71.0,53.56,0.0,0.0,18,,1653592354652,1653595199981,0.0,67.856,0.556,0.002,-0.764,0.968,0.39,0,62.77,67.877,29.0,,705.0,1657310400000,43,S,1657324800000,100.0, ,,,0.0,67.88,0.0,2.73,True,True,False,False
26,CALL,TSLA_070822C710,TSLA Jul 8 2022 710 Call (Weekly),OPR,63.7,66.85,65.98,65.26,10,8,10X8,0,67.24,56.88,0.0,0.0,10,,1653590685750,1653595199468,0.0,67.515,0.544,0.002,-0.763,0.972,0.382,0,65.98,65.264,29.0,,710.0,1657310400000,43,S,1657324800000,100.0, ,,,0.0,65.26,0.0,-2.27,True,False,False,False
27,CALL,TSLA_070822C715,TSLA Jul 8 2022 715 Call (Weekly),OPR,60.85,64.4,62.75,62.65,7,13,7X13,0,65.65,48.92,0.0,0.0,7,,1653594112680,1653595199531,0.0,67.113,0.532,0.002,-0.76,0.975,0.375,0,62.75,62.65,29.0,,715.0,1657310400000,43,S,1657324800000,100.0, ,,,0.0,62.65,0.0,-7.27,True,False,False,False
28,CALL,TSLA_070822C720,TSLA Jul 8 2022 720 Call (Weekly),OPR,58.8,61.85,60.9,60.31,13,10,13X10,0,63.0,58.0,0.0,0.0,7,,1653587979620,1653595198930,0.0,66.929,0.52,0.002,-0.76,0.976,0.368,0,60.9,60.307,29.0,,720.0,1657310400000,43,S,1657324800000,100.0, ,,,0.0,60.31,0.0,-12.27,True,False,False,False
29,CALL,TSLA_070822C725,TSLA Jul 8 2022 725 Call (Weekly),OPR,56.45,59.4,55.9,57.96,16,10,16X10,0,61.69,45.15,0.0,0.0,6,,1653593330157,1653595198930,0.0,66.686,0.507,0.002,-0.757,0.977,0.36,0,55.9,57.964,29.0,,725.0,1657310400000,43,S,1657324800000,100.0, ,,,0.0,57.96,0.0,-17.27,True,False,False,False
30,CALL,TSLA_070822C730,TSLA Jul 8 2022 730 Call (Weekly),OPR,54.15,57.3,56.29,55.62,13,12,13X12,0,58.44,56.0,0.0,0.0,5,,1653587603664,1653595198930,0.0,66.383,0.495,0.002,-0.754,0.977,0.352,0,56.29,55.621,29.0,,730.0,1657310400000,43,S,1657324800000,100.0, ,,,0.0,55.62,0.0,-22.27,True,False,False,False
31,CALL,TSLA_070822C735,TSLA Jul 8 2022 735 Call (Weekly),OPR,51.9,54.55,53.2,53.28,11,3,11X3,0,58.55,37.0,0.0,0.0,36,,1653594112680,1653595199986,0.0,66.022,0.482,0.002,-0.749,0.977,0.345,0,53.2,53.278,29.0,,735.0,1657310400000,43,S,1657324800000,100.0, ,,,0.0,53.28,0.0,-27.27,True,False,False,False
