,open,high,low,close,volume,datetime
0,391.31,392.34,378.9,383.13,105349104,1638511200000
1,383.63,387.6,379.3,386.2,67588801,1638770400000
2,393.03,398.46,392.99,397.83,56005264,1638856800000
3,398.17,399.82,396.22,399.61,39204041,1638943200000
4,398.35,400.2,393.5299,393.73,49973714,1639029600000
5,396.62,398.28,393.36,398.01,52545767,1639116000000
6,398.0,398.325,391.88,392.26,50166410,1639375200000
7,387.3,390.09,383.63,388.2,75199181,1639461600000
8,387.94,397.4198,383.88,397.05,73858028,1639548000000
9,398.04,398.475,385.21,386.84,82591368,1639634400000
10,383.33,389.19,381.77,384.91,81642848,1639720800000
11,379.565,381.5,377.47,380.69,65336827,1639980000000
12,384.05,389.53,380.201,389.21,48899477,1640066400000
13,388.91,394.16,388.23,393.95,37042200,1640152800000
14,394.31,398.425,394.14,396.92,29595536,1640239200000
15,398.25,403.48,398.2194,403.48,32820705,1640584800000
16,404.4,404.58,400.71,401.61,33113728,1640671200000
17,401.75,403.05,399.11,401.55,32248484,1640757600000
18,401.33,403.5699,399.75,400.35,23850065,1640844000000
19,399.66,401.0589,397.34,397.85,34752884,1640930400000
20,399.05,401.94,396.88,401.68,40575854,1641189600000
21,402.24,402.28,393.288,396.47,58027206,1641276000000
22,394.74,395.89,384.03,384.29,75739847,1641362400000
23,382.42,387.35,380.13,384.02,70814324,1641448800000
24,384.03,385.76,378.04,379.86,72652304,1641535200000
25,374.82,380.64,369.31,380.11,91770497,1641794400000
26,379.355,385.9899,377.2182,385.82,68295698,1641880800000
27,388.46,390.2,385.01,387.35,54576366,1641967200000
28,388.77,389.47,376.7,377.66,77993962,1642053600000
29,375.07,380.35,374.86,380.01,80121210,1642140000000
30,374.04,376.22,369.7704,370.55,75812296,1642485600000
31,372.15,374.69,366.21,366.48,81791482,1642572000000
32,369.79,373.87,361.17,361.72,88610680,1642658400000
33,359.47,362.18,351.4,351.69,143388920,1642744800000
34,345.905,353.98,334.15,353.3,199448110,1643004000000
35,346.67,351.0295,341.68,345.11,124398394,1643090400000
36,352.91,356.88,340.78,344.57,146559520,1643176800000
37,349.4,351.27,340.05,341.1,95255656,1643263200000
38,343.03,352.02,337.95,351.8,108167897,1643349600000
39,353.2,363.65,351.52,363.05,94326389,1643608800000
40,364.43,366.19,359.14,365.52,74433023,1643695200000
41,369.76,370.1,364.285,368.49,78777135,1643781600000
42,358.53,361.93,352.46,353.55,95384771,1643868000000
43,354.08,361.4,351.97,358.01,86318301,1643954400000
44,358.62,361.05,353.84,355.13,58198087,1644213600000
45,353.96,360.24,352.8,359.12,64720897,1644300000000
46,363.76,366.81,362.12,366.73,55766422,1644386400000
47,359.52,366.4885,356.54,358.43,112468483,1644472800000
48,358.43,360.07,345.8,347.06,101569102,1644559200000
49,346.49,350.98,343.89,347.49,80254439,1644818400000
50,352.91,356.37,351.82,356.13,55390805,1644904800000
51,353.82,357.0896,350.71,356.04,58947086,1644991200000
52,352.74,353.46,345.02,345.45,61801353,1645077600000
53,346.41,346.81,339.14,341.51,80001513,1645164000000
54,338.49,344.04,334.35,338.08,85967095,1645509600000
55,341.32,342.183,329.1,329.42,86215371,1645596000000
56,318.84,341.04,318.26,340.49,130614053,1645682400000
57,341.31,345.98,337.39,345.77,78842088,1645768800000
58,342.51,348.54,341.32,346.8,77515544,1646028000000
59,345.75,348.078,338.9,341.49,67407000,1646114400000
60,343.08,348.59,340.24,347.22,70609015,1646200800000
61,349.93,350.04,340.35,342.26,71089385,1646287200000
62,339.84,341.31,334.92,337.3,77009763,1646373600000
63,337.29,338.48,324.65,324.86,89933794,1646632800000
64,324.05,333.21,319.94,323.35,116153921,1646719200000
65,331.75,336.38,329.09,334.99,64723366,1646805600000
66,330.82,332.51,326.71,331.27,69362714,1646892000000
67,334.32,334.64,323.9,324.4,66228432,1646978400000
68,323.13,326.59,317.45,318.17,79802606,1647234000000
69,320.88,328.95,319.23,328.15,76470991,1647320400000
70,332.17,340.44,328.401,340.32,105242954,1647406800000
71,338.37,344.5,337.0406,344.44,67809951,1647493200000
72,342.74,351.79,341.55,351.49,85446347,1647579600000
73,350.2,352.48,345.575,350.08,73799072,1647838800000
74,350.59,357.85,350.2,356.96,63345928,1647925200000
75,354.01,357.66,351.77,351.83,70615457,1648011600000
76,353.8,359.7,351.5939,359.65,53555251,1648098000000
77,359.59,360.67,354.9438,359.35,57584158,1648184400000
78,359.34,365.01,358.07,364.91,56833866,1648443600000
79,368.9,371.83,366.06,371.19,68072955,1648530000000
80,369.275,370.98,365.57,367.09,68757710,1648616400000
81,367.24,367.6,361.68,362.54,67011405,1648702800000
82,362.81,363.61,358.59,361.85,54527761,1648789200000
83,362.71,369.31,362.44,369.3,45950171,1649048400000
84,367.81,368.54,359.93,361.1,62738661,1649134800000
85,355.65,356.78,350.56,353.26,90077072,1649221200000
86,352.24,356.35,348.69,354.1,63777373,1649307600000
87,352.32,353.09,348.5,349.15,61956094,1649394000000
88,344.81,345.75,340.535,340.89,66107401,1649653200000
89,345.76,347.69,338.035,339.45,72790215,1649739600000
90,339.8,347.43,339.06,346.35,61367755,1649826000000
91,346.44,346.97,338.21,338.43,73519367,1649912400000
92,337.35,341.04,335.791,338.69,58560555,1650258000000
93,338.03,346.85,336.98,346.26,56515684,1650344400000
94,347.09,347.56,339.96,341.21,65500022,1650430800000
95,345.19,347.87,333.2,334.15,75801008,1650517200000
96,334.31,335.56,324.96,325.4,82562145,1650603600000
97,323.73,329.9,322.43,329.58,101755856,1650862800000
98,327.47,327.66,316.855,317.14,105819629,1650949200000
99,317.24,322.88,315.0,316.76,111204164,1651035600000
100,321.85,329.89,317.52,328.01,99449957,1651122000000
101,323.7,327.225,312.6,313.25,91977859,1651208400000
102,312.83,318.72,309.645,318.48,115511770,1651467600000
103,318.5,321.17,315.98,318.82,78185527,1651554000000
104,319.31,330.29,313.891,329.6,116083395,1651640400000
105,325.17,325.25,309.62,313.0,154607450,1651726800000
106,310.95,315.09,305.105,309.25,139572810,1651813200000
107,303.48,309.3487,295.72,297.15,113387342,1652072400000
108,304.51,305.76,296.57,300.76,124124550,1652158800000
109,298.44,304.09,290.95,291.84,140326150,1652245200000
110,287.45,295.75,284.94,291.15,120910850,1652331600000
111,295.72,302.999,294.0825,301.94,83684931,1652418000000
112,300.15,302.26,297.13,298.44,59190432,1652677200000
113,304.45,306.56,300.55,306.17,62715293,1652763600000
114,301.54,302.25,289.85,291.14,79477109,1652850000000
115,289.29,294.39,287.58,289.58,79920709,1652936400000
116,293.13,293.8,280.21,288.68,91764174,1653022800000
117,289.75,293.87,287.29,293.48,63648400,1653282000000
118,288.125,288.86,282.25,287.24,73491124,1653368400000
119,285.71,293.39,285.5,291.26,67144548,1653454800000
120,290.44,300.92,290.15,299.33,59462231,1653541200000
121,302.54,309.25,302.42,309.1,66985596,1653627600000
122,309.07,311.33,304.33,308.28,60968330,1653973200000
123,310.47,312.65,303.73,306.0,65341653,1654059600000
124,304.85,314.56,303.4001,314.38,59291333,1654146000000
125,309.03,310.47,304.92,306.2,60914684,1654232400000
